20000
19997
20000
20000
20000
20000
20000
19950
20000
20000
20000
20000
20000
20000
20000
20000
20000
20000
19997
20000
20000
20000
20000
20000
20000
20000
20000
20000
20000
20000
20000
19994
20000
19999
20000
20000
20000
20000
20000
20000
20000
20000
20000
20000
20000
20000
20000
20000
20000
20000
20000
20000
20000
20000
20000
20000
20000
19958
20000
20000
20000
20000
20000
20000
20000
20000
19979
20000
20000
20000
20000
20000
20000
20000
20000
20000
20000
20000
20000
20000
20000
20000
20000
20000
19989
20000
19996
20000
20000
19939
20000
20000
20000
20000
19989
20000
20000
20000
19833
19945
19987
18329
16435
18117
17418
2345
12697
12823
19388
4718
6560
9990
4124
12798
12284
7305
11636
19167
4673
17350
12960
9501
1659
19069
5369
2513
12374
0
16560
6555
9520
6482
8267
13713
1868
6250
4669
16226
11895
2421
3305
11138
3921
18162
14483
366
1195
15389
17482
18966
8442
3139
4932
6550
7371
7661
16694
17565
6880
17727
13952
575
1193
2761
10844
6479
19381
1946
7893
14831
16434
14482
248
1364
6268
12992
12156
8284
6807
8927
1993
16557
4938
18489
0
5224
14817
2253
16451
5231
6759
5737
17993
4668
1305
9660
16544
15753
15083
0
14039
