1968096
2018726
2025597
2031385
1941928
1967881
1876045
2004681
1842019
1892511
2138651
2003599
2057008
1820151
1961719
1977298
1991972
2133445
2064290
2035131
2078430
2014767
1963705
2154186
1975690
2056448
1992898
2077200
2050325
2094256
2019332
1963494
2009488
2078218
2033555
2057816
1983726
1995451
2081810
1910166
2009428
1932237
1934722
2089906
2063127
2016036
2027971
2029484
1935147
2012411
1843892
1887973
2079904
1906191
1980194
1961698
1965758
1958745
2008563
1865356
2027355
2179992
1932146
2122778
2070317
2050101
2118240
1904298
1976770
2110457
2025262
1940122
2031454
1921646
2105166
1914402
1952073
1878138
1910613
1969611
1878419
2171582
2164127
2040402
1976778
1829976
1903085
2026124
2008669
1869217
2018246
2047665
2066845
1847283
1952608
1999113
1976015
1954778
1832660
1969341
