36080007
50039542
5462024
3842800
1542099
1525007
16438
460803
37160
96836
498775
72554
129055
7777
1052
3323
9545
9534
6886
7565
8118
2771
9985
1882
5139
4600
8025
1275
8784
8614
8501
7825
7823
4302
901
4578
1852
624
2058
5979
1011
3300
3590
570
5211
1476
9831
4255
1786
1548
4642
5757
8751
6996
4410
914
121
9525
8354
2881
7126
2611
4390
1861
8351
9006
2848
5554
1969
4525
8696
4148
6129
1512
1139
4978
988
5020
8650
4253
3531
5833
9003
6734
6686
7818
9662
1289
5570
8994
7551
3056
6000
5288
1313
1357
9902
9442
9051
2955
