20000
3053
542
1066
2113
1218
267
135
159
2076
416
197
332
2809
687
638
2013
1248
299
2413
950
3076
1697
3102
488
1839
2420
1262
629
727
1785
612
91
487
761
155
2117
1740
1425
777
1060
2948
2362
1265
2485
562
2630
2049
2684
2259
1146
2495
2156
759
2108
1912
1260
2788
675
2659
1042
766
2413
1710
481
2484
1062
761
730
2026
903
1060
2880
2332
678
1067
2494
1774
2023
249
666
526
1193
449
2068
2035
1212
2059
2322
489
198
273
2519
646
909
1406
1026
1587
2750
1782
12
2317
1951
377
1333
1863
2552
1074
1590
372
1748
191
593
1487
2146
3098
806
1062
1551
2274
2114
179
1788
1621
2010
917
1761
119
2190
582
685
2610
43
1103
1205
1088
1978
735
1951
1269
1475
2015
2293
2268
1759
994
1591
402
425
2139
2279
2977
1603
700
3282
1238
1717
578
1464
629
420
1567
2269
863
154
397
2957
131
2577
1654
2645
389
2506
2084
2397
660
1742
1129
1486
833
2406
752
917
556
1579
475
1774
798
858
585
1045
2381
100
1747
141
61
1428
1471
843
1382
1521
1564
2569
3305
545
1400
1814
2065
1133
252
1515
1937
895
2797
727
2439
2159
1451
1499
1167
2021
182
538
1011
2547
2396
363
11
1424
1343
331
2839
1969
190
1749
536
1151
1673
1312
370
615
1523
515
1046
2774
1870
1581
1156
64
0
8
2373
2487
2474
529
1272
2538
2080
1963
2785
1541
176
125
1797
174
3053
2465
888
3114
3199
1869
2078
1232
1482
1624
613
2894
2954
407
1953
2398
172
1837
2148
807
2461
2128
3144
2297
2357
2306
1082
2230
3180
2342
624
1406
1518
908
1302
443
178
433
2047
2848
2243
1647
1834
425
944
871
1315
1921
243
1698
1460
1302
1018
3194
2976
119
2811
363
1165
1761
328
1188
841
2090
1580
876
2144
1001
1639
1741
2903
903
3052
1864
2919
1243
1563
1542
422
193
2382
167
852
193
1495
777
2409
298
144
217
1923
2660
1763
1054
682
3209
2651
1356
1717
1893
1215
1824
2087
903
1657
2196
1768
3598
2072
2243
1019
1206
1499
1571
349
2538
80
1097
3308
1327
50
865
2581
1045
1354
1796
158
1555
471
1546
3492
1648
1187
2341
1310
2162
975
1771
633
1546
1167
2106
2313
862
2197
1151
2357
3099
2413
323
678
2167
1066
1205
1436
2388
2365
533
461
1341
1974
350
2145
283
2982
1347
2905
174
2482
2132
664
949
1439
1374
860
185
749
1404
2186
753
1515
2016
2080
1730
1381
1434
1931
2168
1828
745
123
1306
581
2977
3478
2226
1538
2397
242
461
342
1346
2066
213
1034
866
1324
1748
503
864
910
1791
165
2713
1193
2012
1331
424
2136
2181
196
2101
793
2442
2304
1212
1439
77
1110
2732
2745
2649
1425
2490
1470
259
